00100000011000110000010010110000
00100000001000010000000110010000
00100000100001000000000110010000
10101100000000110000000000001100
00100000010000100000010010110000
00100000011000110010011100010000
10001100000000110000000000001100
00010000011000100000000000001000
00100000001000010010011100010000
00100000010000100010011100010000
00100000011000110010011100010000
00100000100001000010011100010000
00100000101001010010011100010000
00100000110001100010011100010000
00100000111001110010011100010000
00100001000010000010011100010000
00010000000000001111111111111111
