00000000000000000000000000000000
00000000000000000000000010011111
00000000000000000010011010011100
00000000000000000000000000000011
00000000000000000000010100011100
00000000000000000000000000011000
00000000000000000000000000000000
00000000000000000000000010111111
00000000000000000000001010001101
00000000000000000000001011000010
00000000000000000000001000110010
00000000001111110001101011111110
00000000000000000000000000011000
00000000000000000000000000000000
00000000000000000000000000000000
00000000000000000001110110011111
00000000000000000000000010011111
00000000000000000000000000000000
00000000000000000000000000000000
00000000000000000000000000000000
00000000000000000000000000000000
00000000000000000000000000000000
00000000000000000000000000000000
00000000000000000000000000000000
00000000000000000000000000000000
00000000000000000000000000000000
00000000000000000000000000000000
00000000000000000000000000000000
00000000000000000000000000000000
00000000000000000000000000000000
00000000000000000000000000000000
00000000000000000000000011110000
